# Fix print output for fix def1
-2.73495660575387e-15 0.113953856859188 0.116299435913938 -0.177073995090457
-0.00990000000000259 -0.45818119321229 0.00784722676914213 -0.422290546264553
-0.0199000000000026 -0.448210219179287 0.10285326349971 -0.218782852193291
-0.0299000000000027 -0.63021663098645 0.0787948958123244 -0.223648149736746
-0.0399000000000026 -0.842159588925786 -0.052236751193969 -0.341424331510781
-0.0499000000000026 -0.937465416507126 -0.0937456626730863 -0.196603445420509
-0.0599000000000026 -0.87936359015648 0.0587804735163262 -0.183728892713247
-0.0699000000000025 -1.01455304944607 -0.106810164245511 -0.2549254186611
-0.0799000000000025 -1.05340413470669 -0.189332574488329 -0.191398211396334
-0.0899000000000025 -0.97589276095185 -0.0392469886241787 -0.119878783674365
-0.0999000000000025 -1.02059109804424 -0.229483948917698 -0.227018559338449
-0.109900000000002 -0.999041266824373 -0.134324757237956 -0.160652416739316
-0.119900000000002 -0.989833407919303 -0.145891668191581 -0.15438699409349
-0.129900000000002 -0.967352446661569 -0.194390884571717 -0.189670730369014
-0.139900000000002 -1.06694266504265 -0.092419820922475 -0.164081179381362
-0.149900000000002 -0.889096271776791 -0.16812708392067 -0.213710629495831
-0.159900000000002 -0.803057980243833 -0.0949159529902486 -0.158828858451339
-0.169900000000002 -0.835522610012507 -0.222921098935561 -0.152761563242185
-0.179900000000002 -0.897854366106462 -0.223714068069853 -0.168537927934688
-0.189900000000002 -0.816272069196664 -0.122339596263533 -0.0508304730725059
-0.199900000000002 -0.866485836467551 -0.117455613836879 -0.170597491624953
